2116
2756
2743
3243
1827
2022
662
4697
3862
2393
3294
3180
3657
3520
4347
4553
617
711
1012
1251
2036
1664
3060
4849
352
93
1666
919
4065
4984
1059
2968
1753
246
4641
3521
74
2085
2517
2609
3169
4565
3667
4069
1245
534
258
2139
625
4270
3715
1327
2758
1702
2831
3570
2622
796
2968
4944
3359
2058
3820
1401
2814
4204
1527
1033
645
1902
1191
4417
2056
3485
3366
3443
965
1228
3230
3932
1887
1705
1532
1274
2346
1328
2848
1696
4298
50
4291
2351
3859
3715
4370
4184
3788
2093
3765
2443
1016
3132
4034
4635
702
2030
3454
2074
3478
2106
914
4306
3486
4745
1398
1971
4493
4331
2748
68
1316
509
4558
2270
4796
2
3413
1993
1131
4406
3893
4868
623
3685
1237
3217
1354
4819
1532
4157
297
2837
654
1347
4827
4078
3461
4181
2802
115
1931
4793
4269
195
366
3036
266
2224
3863
1641
1353
2607
576
3912
1530
3274
1661
3934
362
4296
1610
904
4472
791
804
1497
334
3802
4381
4648
4033
3999
201
3927
3890
3193
1293
682
2953
1709
4350
2513
1995
3319
2581
4580
3899
3994
2244
3097
1372
1462
4699
2398
4840
902
1107
2464
2283
3646
4453
4143
4781
1150
1132
1371
2913
4975
988
2031
128
2459
4362
1644
270
3113
3928
1149
490
2287
2966
1083
2427
2700
3201
137
4830
1738
4203
173
4614
2266
547
2218
2375
3132
4588
1979
3017
4691
2106
3710
17
1370
1579
866
3519
34
3769
1873
689
4519
2586
2694
1395
2331
1902
1369
666
4880
3416
793
2935
3319
140
4304
4017
126
2071
1164
1286
4568
4171
4915
2611
286
3096
3614
1664
2678
113
838
113
2807
4319
1299
2103
1611
1697
3619
1317
4715
706
1124
149
2744
3855
4596
1931
4433
347
1973
2533
3158
728
2364
3861
22
826
831
4938
4563
3591
4571
3783
1548
3901
3937
564
1087
976
4432
513
1559
1139
1551
510
837
1526
3634
1748
3653
383
918
1470
767
1408
641
4642
2959
1496
2009
902
1943
1880
4024
1338
4894
584
1401
1378
2513
1904
1700
477
424
4997
4831
349
1825
2192
168
2480
4602
3118
1539
4607
2589
4406
644
3708
3806
3069
3751
23
13
2936
4690
2861
2453
2529
3878
4045
3351
1816
4873
4936
4884
3304
1286
1128
2743
1224
4032
3223
3951
716
4784
258
587
3560
4324
4085
447
486
4211
3532
4393
2204
4897
929
349
3144
3091
4576
361
1157
3412
747
4624
1796
4810
3384
274
3344
4900
3166
2408
1090
3140
120
2355
377
2596
2785
4612
3059
714
1556
3004
2421
4996
2573
347
242
3701
2219
425
2300
749
3731
53
3316
1343
2763
4855
4688
4754
3409
4179
3085
4198
245
4445
747
937
4841
4834
2486
2824
4289
4569
1145
3946
2377
3700
2338
44
4271
1992
4171
2880
3704
3450
4025
3655
845
2063
3429
648
2302
1391
685
4861
228
3394
2983
1335
3153
2359
2338
2649
1045
3791
4354
181
2587
2545
4695
4918
2650
3411
4914
1915
2231
3630
3480
2864
1157
4139
294
4011
1515
2519
1285
3202
3480
4281
45
1526
3779
2548
3083
3606
4180
656
67
3091
0
2195
20
3868
191
4656
3276
3323
1211
4782
2342
3754
4704
168
2998
2337
1587
1963
3905
340
4286
2742
559
772
112
671
2077
1966
805
4406
4925
3929
3214
3281
3236
3610
367
4139
4431
3964
135
4399
59
2268
3531
1584
1189
2641
4562
2817
1116
2432
593
1644
4097
1397
2376
2435
357
3922
4629
2385
2470
3418
3545
2395
822
1516
2381
1063
1188
1528
1853
477
3024
4160
4047
1795
4972
682
4851
2632
3390
3440
4383
2544
1945
2642
376
1563
4400
3378
2724
3733
2665
3858
4211
1999
3341
3214
176
2606
992
3884
1460
4698
563
3664
209
3560
3482
2815
189
2625
1607
124
4306
3616
2003
3846
4731
3498
2002
166
4272
1350
3035
1530
3506
3023
2875
1805
2559
2115
2954
3759
720
2081
757
4062
4743
4209
910
2526
1191
1060
3606
2146
2351
3658
3928
4599
2110
3575
2556
1146
2281
1044
2325
1777
2482
2438
4958
3183
4402
3328
1316
2166
4929
1168
1058
3168
2426
1224
2802
2609
1174
4925
2551
214
3336
4251
894
843
2916
895
4994
1460
596
3337
4787
1804
1678
69
3975
2606
4209
2508
2200
2862
627
4035
2686
3009
2808
3799
3957
1587
1413
3869
515
1384
372
274
1633
60
2027
1292
4200
3924
3801
1868
2169
2778
4570
4427
876
3889
3251
4918
4433
4095
1051
3460
3202
131
622
3781
304
906
1014
3049
640
2347
2762
1803
4857
10
4582
707
3437
4124
1478
597
1735
1320
753
1923
4700
3466
658
138
193
3096
4090
761
25
4999
4940
4151
603
4127
854
2257
2055
3596
2574
4835
1491
4093
4631
441
726
3555
2897
1971
3093
3972
3974
4543
4059
2996
786
2481
221
921
2454
1014
2310
2533
3233
2748
2379
1152
4014
347
417
1883
455
4457
3659
4505
2024
2309
3654
4055
54
4479
3781
4126
4214
2907
495
3853
3326
220
32
947
2122
3102
368
2402
1121
807
3593
678
3888
712
4833
1602
2048
2521
459
4979
359
4226
2875
2010
1990
1112
428
3779
2425
4477
1618
3036
1375
561
557
2372
630
3099
1154
703
3515
1799
4705
4284
3933
4306
3425
1609
1106
1412
3224
4108
2490
1718
70
3617
703
3714
2625
4827
4378
947
1004
2862
868
4633
805
600
3439
1235
875
45
2377
3356
4382
2003
3100
417
1723
1902
1420
4896
4390
4222
2466
1338
2292
3638
4528
4397
491
323
2663
3397
1723
2246
4569
2609
1326
4876
4795
1463
4780
1751
3448
4125
4223
2346
3497
2678
2783
1236
617
1107
4220
4049
765
1702
1106
4743
2929
4691
4252
1082
2599
2029
252
828
