0
2
10
13
17
20
22
23
25
32
34
44
45
45
50
53
54
59
60
67
68
69
70
74
93
112
113
113
115
120
124
126
128
131
135
137
138
140
149
166
168
168
173
176
181
189
191
193
195
201
209
214
220
221
228
242
245
246
252
258
258
266
270
274
274
286
294
297
304
323
334
340
347
347
347
349
349
352
357
359
361
362
366
367
368
372
376
377
383
417
417
424
425
428
441
447
455
459
477
477
486
490
491
495
509
510
513
515
534
547
557
559
561
563
564
576
584
587
593
596
597
600
603
617
617
622
623
625
627
630
640
641
644
645
648
654
656
658
662
666
671
678
682
682
685
689
702
703
703
706
707
711
712
714
716
720
726
728
747
747
749
753
757
761
765
767
772
786
791
793
796
804
805
805
807
822
826
828
831
837
838
843
845
854
866
868
875
876
894
895
902
902
904
906
910
914
918
919
921
929
937
947
947
965
976
988
992
1004
1012
1014
1014
1016
1033
1044
1045
1051
1058
1059
1060
1063
1082
1083
1087
1090
1106
1106
1107
1107
1112
1116
1121
1124
1128
1131
1132
1139
1145
1146
1149
1150
1152
1154
1157
1157
1164
1168
1174
1188
1189
1191
1191
1211
1224
1224
1228
1235
1236
1237
1245
1251
1274
1285
1286
1286
1292
1293
1299
1316
1316
1317
1320
1326
1327
1328
1335
1338
1338
1343
1347
1350
1353
1354
1369
1370
1371
1372
1375
1378
1384
1391
1395
1397
1398
1401
1401
1408
1412
1413
1420
1460
1460
1462
1463
1470
1478
1491
1496
1497
1515
1516
1526
1526
1527
1528
1530
1530
1532
1532
1539
1548
1551
1556
1559
1563
1579
1584
1587
1587
1602
1607
1609
1610
1611
1618
1633
1641
1644
1644
1661
1664
1664
1666
1678
1696
1697
1700
1702
1702
1705
1709
1718
1723
1723
1735
1738
1748
1751
1753
1777
1795
1796
1799
1803
1804
1805
1816
1825
1827
1853
1868
1873
1880
1883
1887
1902
1902
1902
1904
1915
1923
1931
1931
1943
1945
1963
1966
1971
1971
1973
1979
1990
1992
1993
1995
1999
2002
2003
2003
2009
2010
2022
2024
2027
2029
2030
2031
2036
2048
2055
2056
2058
2063
2071
2074
2077
2081
2085
2093
2103
2106
2106
2110
2115
2116
2122
2139
2146
2166
2169
2192
2195
2200
2204
2218
2219
2224
2231
2244
2246
2257
2266
2268
2270
2281
2283
2287
2292
2300
2302
2309
2310
2325
2331
2337
2338
2338
2342
2346
2346
2347
2351
2351
2355
2359
2364
2372
2375
2376
2377
2377
2379
2381
2385
2393
2395
2398
2402
2408
2421
2425
2426
2427
2432
2435
2438
2443
2453
2454
2459
2464
2466
2470
2480
2481
2482
2486
2490
2508
2513
2513
2517
2519
2521
2526
2529
2533
2533
2544
2545
2548
2551
2556
2559
2573
2574
2581
2586
2587
2589
2596
2599
2606
2606
2607
2609
2609
2609
2611
2622
2625
2625
2632
2641
2642
2649
2650
2663
2665
2678
2678
2686
2694
2700
2724
2742
2743
2743
2744
2748
2748
2756
2758
2762
2763
2778
2783
2785
2802
2802
2807
2808
2814
2815
2817
2824
2831
2837
2848
2861
2862
2862
2864
2875
2875
2880
2897
2907
2913
2916
2929
2935
2936
2953
2954
2959
2966
2968
2968
2983
2996
2998
3004
3009
3017
3023
3024
3035
3036
3036
3049
3059
3060
3069
3083
3085
3091
3091
3093
3096
3096
3097
3099
3100
3102
3113
3118
3132
3132
3140
3144
3153
3158
3166
3168
3169
3180
3183
3193
3201
3202
3202
3214
3214
3217
3223
3224
3230
3233
3236
3243
3251
3274
3276
3281
3294
3304
3316
3319
3319
3323
3326
3328
3336
3337
3341
3344
3351
3356
3359
3366
3378
3384
3390
3394
3397
3409
3411
3412
3413
3416
3418
3425
3429
3437
3439
3440
3443
3448
3450
3454
3460
3461
3466
3478
3480
3480
3482
3485
3486
3497
3498
3506
3515
3519
3520
3521
3531
3532
3545
3555
3560
3560
3570
3575
3591
3593
3596
3606
3606
3610
3614
3616
3617
3619
3630
3634
3638
3646
3653
3654
3655
3657
3658
3659
3664
3667
3685
3700
3701
3704
3708
3710
3714
3715
3715
3731
3733
3751
3754
3759
3765
3769
3779
3779
3781
3781
3783
3788
3791
3799
3801
3802
3806
3820
3846
3853
3855
3858
3859
3861
3862
3863
3868
3869
3878
3884
3888
3889
3890
3893
3899
3901
3905
3912
3922
3924
3927
3928
3928
3929
3932
3933
3934
3937
3946
3951
3957
3964
3972
3974
3975
3994
3999
4011
4014
4017
4024
4025
4032
4033
4034
4035
4045
4047
4049
4055
4059
4062
4065
4069
4078
4085
4090
4093
4095
4097
4108
4124
4125
4126
4127
4139
4139
4143
4151
4157
4160
4171
4171
4179
4180
4181
4184
4198
4200
4203
4204
4209
4209
4211
4211
4214
4220
4222
4223
4226
4251
4252
4269
4270
4271
4272
4281
4284
4286
4289
4291
4296
4298
4304
4306
4306
4306
4319
4324
4331
4347
4350
4354
4362
4370
4378
4381
4382
4383
4390
4393
4397
4399
4400
4402
4406
4406
4406
4417
4427
4431
4432
4433
4433
4445
4453
4457
4472
4477
4479
4493
4505
4519
4528
4543
4553
4558
4562
4563
4565
4568
4569
4569
4570
4571
4576
4580
4582
4588
4596
4599
4602
4607
4612
4614
4624
4629
4631
4633
4635
4641
4642
4648
4656
4688
4690
4691
4691
4695
4697
4698
4699
4700
4704
4705
4715
4731
4743
4743
4745
4754
4780
4781
4782
4784
4787
4793
4795
4796
4810
4819
4827
4827
4830
4831
4833
4834
4835
4840
4841
4849
4851
4855
4857
4861
4868
4873
4876
4880
4884
4894
4896
4897
4900
4914
4915
4918
4918
4925
4925
4929
4936
4938
4940
4944
4958
4972
4975
4979
4984
4994
4996
4997
4999
